0      0.34729    0.00582
1      0.35230    0.00581
2      0.35731    0.00581
3      0.36232    0.00580
4      0.36732    0.00580
5      0.37233    0.00579
6      0.37734    0.00579
7      0.38235    0.00578
8      0.38735    0.00578
9      0.39236    0.00577
10     0.39737    0.00577
11     0.40238    0.00576
12     0.40738    0.00576
13     0.41239    0.00575
14     0.41740    0.00575
15     0.42241    0.00574
16     0.42741    0.00574
17     0.43242    0.00573
18     0.43743    0.00573
19     0.44244    0.00572
20     0.44744    0.00572
21     0.45245    0.00571
22     0.45746    0.00571
23     0.46247    0.00570
24     0.46747    0.00570
25     0.47248    0.00570
26     0.47749    0.00569
27     0.48250    0.00569
28     0.48750    0.00568
29     0.49251    0.00568
30     0.49752    0.00567
31     0.50253    0.00567
32     0.50753    0.00567
33     0.51254    0.00566
34     0.51755    0.00566
35     0.52256    0.00566
36     0.52756    0.00565
37     0.53257    0.00565
38     0.53758    0.00564
39     0.54259    0.00564
40     0.54759    0.00564
41     0.55260    0.00563
42     0.55761    0.00563
43     0.56262    0.00563
44     0.56762    0.00562
45     0.57263    0.00562
46     0.57764    0.00562
47     0.58265    0.00561
48     0.58765    0.00561
49     0.59266    0.00561
50     0.59767    0.00560
51     0.60268    0.00560
52     0.60768    0.00560
53     0.61269    0.00560
54     0.61770    0.00559
55     0.62271    0.00559
56     0.62771    0.00559
57     0.63272    0.00558
58     0.63773    0.00558
59     0.64274    0.00558
60     0.64774    0.00558
61     0.65275    0.00557
62     0.65776    0.00557
63     0.66277    0.00557
64     0.66777    0.00557
65     0.67278    0.00556
66     0.67779    0.00556
67     0.68280    0.00556
68     0.68780    0.00556
69     0.69281    0.00555
70     0.69782    0.00555
71     0.70283    0.00555
72     0.70783    0.00555
73     0.71284    0.00555
74     0.71785    0.00554
75     0.72286    0.00554
76     0.72786    0.00554
77     0.73287    0.00554
78     0.73788    0.00554
79     0.74289    0.00553
80     0.74789    0.00553
81     0.75290    0.00553
82     0.75791    0.00553
83     0.76292    0.00553
84     0.76792    0.00553
85     0.77293    0.00552
86     0.77794    0.00552
87     0.78295    0.00552
88     0.78795    0.00552
89     0.79296    0.00552
90     0.79797    0.00552
91     0.80298    0.00552
92     0.80798    0.00551
93     0.81299    0.00551
94     0.81800    0.00551
95     0.82301    0.00551
96     0.82801    0.00551
97     0.83302    0.00551
98     0.83803    0.00551
99     0.84304    0.00551
100    0.84804    0.00550
101    0.85305    0.00550
102    0.85806    0.00550
103    0.86307    0.00550
104    0.86807    0.00550
105    0.87308    0.00550
106    0.87809    0.00550
107    0.88310    0.00550
108    0.88810    0.00550
109    0.89311    0.00550
110    0.89812    0.00550
111    0.90313    0.00550
112    0.90813    0.00549
113    0.91314    0.00549
114    0.91815    0.00549
115    0.92316    0.00549
116    0.92816    0.00549
117    0.93317    0.00549
118    0.93818    0.00549
119    0.94319    0.00549
120    0.94819    0.00549
121    0.95320    0.00549
122    0.95821    0.00549
123    0.96322    0.00549
124    0.96822    0.00549
125    0.97323    0.00549
126    0.97824    0.00549
127    0.98325    0.00549
128    0.98825    0.00549
129    0.99326    0.00549
130    0.99827    0.00549
131    1.00328    0.00549
132    1.00828    0.00549
133    1.01329    0.00549
134    1.01830    0.00549
135    1.02331    0.00549
136    1.02831    0.00549
137    1.03332    0.00549
138    1.03833    0.00549
139    1.04334    0.00549
140    1.04834    0.00549
141    1.05335    0.00549
142    1.05836    0.00549
143    1.06337    0.00549
144    1.06837    0.00549
145    1.07338    0.00549
146    1.07839    0.00549
147    1.08340    0.00549
148    1.08840    0.00549
149    1.09341    0.00549
150    1.09842    0.00549
151    1.10343    0.00549
152    1.10843    0.00549
153    1.11344    0.00549
154    1.11845    0.00549
155    1.12346    0.00549
156    1.12846    0.00549
157    1.13347    0.00549
158    1.13848    0.00550
159    1.14349    0.00550
160    1.14849    0.00550
161    1.15350    0.00550
162    1.15851    0.00550
163    1.16352    0.00550
164    1.16852    0.00550
165    1.17353    0.00550
166    1.17854    0.00550
167    1.18355    0.00550
168    1.18855    0.00550
169    1.19356    0.00550
170    1.19857    0.00550
171    1.20358    0.00550
172    1.20858    0.00551
173    1.21359    0.00551
174    1.21860    0.00551
175    1.22361    0.00551
176    1.22861    0.00551
177    1.23362    0.00551
178    1.23863    0.00551
179    1.24364    0.00551
180    1.24864    0.00551
181    1.25365    0.00551
182    1.25866    0.00552
183    1.26367    0.00552
184    1.26867    0.00552
185    1.27368    0.00552
186    1.27869    0.00552
187    1.28370    0.00552
188    1.28870    0.00552
189    1.29371    0.00552
190    1.29872    0.00552
191    1.30373    0.00553
192    1.30873    0.00553
193    1.31374    0.00553
194    1.31875    0.00553
195    1.32376    0.00553
196    1.32876    0.00553
197    1.33377    0.00553
198    1.33878    0.00553
199    1.34379    0.00554
200    1.34879    0.00554
201    1.35380    0.00554
202    1.35881    0.00554
203    1.36382    0.00554
204    1.36882    0.00554
205    1.37383    0.00554
206    1.37884    0.00555
207    1.38385    0.00555
208    1.38885    0.00555
209    1.39386    0.00555
210    1.39887    0.00555
211    1.40388    0.00555
212    1.40888    0.00555
213    1.41389    0.00556
214    1.41890    0.00556
215    1.42391    0.00556
216    1.42891    0.00556
217    1.43392    0.00556
218    1.43893    0.00556
219    1.44394    0.00556
220    1.44894    0.00557
221    1.45395    0.00557
222    1.45896    0.00557
223    1.46397    0.00557
224    1.46897    0.00557
225    1.47398    0.00557
226    1.47899    0.00558
227    1.48400    0.00558
228    1.48900    0.00558
229    1.49401    0.00558
230    1.49902    0.00558
231    1.50403    0.00558
232    1.50903    0.00559
233    1.51404    0.00559
234    1.51905    0.00559
235    1.52406    0.00559
236    1.52906    0.00559
237    1.53407    0.00559
238    1.53908    0.00560
239    1.54409    0.00560
240    1.54909    0.00560
241    1.55410    0.00560
242    1.55911    0.00560
243    1.56412    0.00560
244    1.56912    0.00561
245    1.57413    0.00561
246    1.57914    0.00561
247    1.58415    0.00561
248    1.58915    0.00561
249    1.59416    0.00561
250    1.59917    0.00562
251    1.60418    0.00562
252    1.60918    0.00562
253    1.61419    0.00562
254    1.61920    0.00562
255    1.62421    0.00562
256    1.62921    0.00563
257    1.63422    0.00563
258    1.63923    0.00563
259    1.64424    0.00563
260    1.64924    0.00563
261    1.65425    0.00563
262    1.65926    0.00564
263    1.66427    0.00564
264    1.66927    0.00564
265    1.67428    0.00564
266    1.67929    0.00564
267    1.68430    0.00564
268    1.68930    0.00565
269    1.69431    0.00565
270    1.69932    0.00565
271    1.70433    0.00565
272    1.70933    0.00565
273    1.71434    0.00565
274    1.71935    0.00566
275    1.72436    0.00566
276    1.72936    0.00566
277    1.73437    0.00566
278    1.73938    0.00566
279    1.74439    0.00566
280    1.74939    0.00567
281    1.75440    0.00567
282    1.75941    0.00567
283    1.76442    0.00567
284    1.76942    0.00567
285    1.77443    0.00567
286    1.77944    0.00568
287    1.78445    0.00568
288    1.78945    0.00568
289    1.79446    0.00568
290    1.79947    0.00568
291    1.80448    0.00568
292    1.80948    0.00569
293    1.81449    0.00569
294    1.81950    0.00569
295    1.82451    0.00569
296    1.82951    0.00569
297    1.83452    0.00569
298    1.83953    0.00570
299    1.84454    0.00570
300    1.84954    0.00570
301    1.85455    0.00570
302    1.85956    0.00570
303    1.86457    0.00570
304    1.86957    0.00570
305    1.87458    0.00571
306    1.87959    0.00571
307    1.88460    0.00571
308    1.88960    0.00571
309    1.89461    0.00571
310    1.89962    0.00571
311    1.90463    0.00571
312    1.90963    0.00572
313    1.91464    0.00572
314    1.91965    0.00572
315    1.92466    0.00572
316    1.92966    0.00572
317    1.93467    0.00572
318    1.93968    0.00572
319    1.94469    0.00573
320    1.94969    0.00573
321    1.95470    0.00573
322    1.95971    0.00573
323    1.96472    0.00573
324    1.96972    0.00573
325    1.97473    0.00573
326    1.97974    0.00573
327    1.98475    0.00574
328    1.98975    0.00574
329    1.99476    0.00574
330    1.99977    0.00574
331    2.00478    0.00574
332    2.00978    0.00574
333    2.01479    0.00574
334    2.01980    0.00574
335    2.02481    0.00574
336    2.02981    0.00575
337    2.03482    0.00575
338    2.03983    0.00575
339    2.04484    0.00575
340    2.04984    0.00575
341    2.05485    0.00575
342    2.05986    0.00575
343    2.06487    0.00575
344    2.06987    0.00575
345    2.07488    0.00575
346    2.07989    0.00576
347    2.08490    0.00576
348    2.08990    0.00576
349    2.09491    0.00576
350    2.09992    0.00576
351    2.10493    0.00576
352    2.10993    0.00576
353    2.11494    0.00576
354    2.11995    0.00576
355    2.12496    0.00576
356    2.12996    0.00576
357    2.13497    0.00576
358    2.13998    0.00576
359    2.14499    0.00577
360    2.14999    0.00577
361    2.15500    0.00577
362    2.16001    0.00577
363    2.16502    0.00577
364    2.17002    0.00577
365    2.17503    0.00577
366    2.18004    0.00577
367    2.18505    0.00577
368    2.19005    0.00577
369    2.19506    0.00577
370    2.20007    0.00577
371    2.20508    0.00577
372    2.21008    0.00577
373    2.21509    0.00577
374    2.22010    0.00577
375    2.22511    0.00577
376    2.23011    0.00577
377    2.23512    0.00577
378    2.24013    0.00577
379    2.24514    0.00577
380    2.25014    0.00577
381    2.25515    0.00577
382    2.26016    0.00577
383    2.26517    0.00577
384    2.27017    0.00577
385    2.27518    0.00577
386    2.28019    0.00577
387    2.28520    0.00577
388    2.29020    0.00577
389    2.29521    0.00577
390    2.30022    0.00577
391    2.30523    0.00577
392    2.31023    0.00577
393    2.31524    0.00577
394    2.32025    0.00577
395    2.32526    0.00577
396    2.33026    0.00577
397    2.33527    0.00577
398    2.34028    0.00577
399    2.34529    0.00577
400    2.35029    0.00577
401    2.35530    0.00577
402    2.36031    0.00577
403    2.36532    0.00577
404    2.37032    0.00577
405    2.37533    0.00577
406    2.38034    0.00577
407    2.38535    0.00577
408    2.39035    0.00577
409    2.39536    0.00576
410    2.40037    0.00576
411    2.40538    0.00576
412    2.41038    0.00576
413    2.41539    0.00576
414    2.42040    0.00576
415    2.42541    0.00576
416    2.43041    0.00576
417    2.43542    0.00576
418    2.44043    0.00576
419    2.44544    0.00576
420    2.45044    0.00575
421    2.45545    0.00575
422    2.46046    0.00575
423    2.46547    0.00575
424    2.47047    0.00575
425    2.47548    0.00575
426    2.48049    0.00575
427    2.48550    0.00575
